# Frame list with one line of data per frame:
#   FRAME_ID, RIG_ID, RIG_FROM_WORLD[QW, QX, QY, QZ, TX, TY, TZ], NUM_DATA_IDS, DATA_IDS[] as (SENSOR_TYPE, SENSOR_ID, DATA_ID)
# Number of frames: 71
2 1 0.92884840538778768 0.18361863544609058 0.24047498681112664 0.21376767118455559 -0.3857789987162733 -1.3777964111642285 3.1466483575320376 1 CAMERA 1 2
4 1 0.23120801982134906 0.016561814575326676 0.71978632975642587 0.65435173826011728 0.75065541791774837 -0.99952551716634941 3.1483532752307508 1 CAMERA 1 4
5 1 -0.46625203422481781 -0.20987357557917938 0.48079971989102693 0.71231576720408207 0.10086506704391789 0.39425829157002246 2.8210521023671844 1 CAMERA 1 5
6 1 0.85886252394266904 -0.3142112568681999 -0.38969401195747494 -0.10846671410447423 -0.67637521812022428 -1.5572123395318789 3.5960694348542415 1 CAMERA 1 6
7 1 0.7418831016936599 -0.0056000554446220671 -0.56046433966224507 -0.36804595741208129 -0.34708443711474585 -0.97753191809185658 2.6003578110181067 1 CAMERA 1 7
9 1 0.99244005968208959 -0.091338894724533035 0.079503566729999781 0.019977915955363093 -0.64318370970205796 -1.5546876111363126 3.4536590509222522 1 CAMERA 1 9
10 1 0.93332118127486563 -0.11806558875222832 0.31189204880069543 0.13302420543338705 -0.36392192560796333 -1.6570229068593607 4.2432490147463806 1 CAMERA 1 10
11 1 0.86098240246669511 -0.3930763335610063 -0.31582882296517584 -0.066726705458505314 -0.72182032842662014 -1.5228362681798018 4.2240374799585929 1 CAMERA 1 11
12 1 -0.42255438074179774 0.15520663610020088 0.87598069379736476 0.17325276194238101 0.20158724265357064 -1.6472980750220769 4.0032220712174125 1 CAMERA 1 12
13 1 0.98864727021823895 0.14238691677905022 -0.019106755169705374 -0.044016734625199831 -0.71947992233161362 -1.1513353389584065 3.4170959483393255 1 CAMERA 1 13
14 1 -0.2664321830686886 0.11091916062185499 0.95068688379403232 0.11360141114523259 0.43745864034732218 -1.6461956835030882 3.7109148877374416 1 CAMERA 1 14
15 1 0.84844682062853605 -0.26550193234069802 -0.43597095690308757 -0.13991440678389933 -0.63233401478524365 -1.5448725105466488 3.5727761572361558 1 CAMERA 1 15
16 1 -0.36447964291500079 -0.12803451030175869 0.5952191047476032 0.70461051043523626 0.30645169514854786 -0.0047803728236707 2.1491549184906695 1 CAMERA 1 16
17 1 0.53933218328891364 -0.10434988954301529 -0.77982460349437199 -0.30017575585982909 0.029900753021395877 -1.4183663839283258 2.6331716876627094 1 CAMERA 1 17
18 1 0.90876271789553809 0.24192260030998664 0.2376357730544649 0.24321393337384326 -0.35892841826128741 -1.2596017707981528 2.7357488848564584 1 CAMERA 1 18
19 1 0.98118797720499795 0.16082354433949769 0.090097643833777052 0.057344184971521779 -0.6226651322559642 -1.2632770273635796 2.7870948529900708 1 CAMERA 1 19
20 1 -0.22130693833734535 0.1735445619454043 0.94614899089580651 -0.16033593199833696 0.46010019458113627 -1.4017413430628589 5.2031442030389803 1 CAMERA 1 20
21 1 -0.05996084396565117 0.012650524622149047 0.99781710071332885 -0.024610870398219992 0.67645210506317943 -1.434110208050589 4.8324315438036409 1 CAMERA 1 21
22 1 0.965696649885178 0.018320688353425974 0.22310076580870286 0.13160691879369815 -0.46609555776192063 -1.5785057256049753 3.257494636475502 1 CAMERA 1 22
24 1 -0.46521653186611528 0.11303388839697708 0.83477990569150085 0.27191805310794004 0.14884210158708008 -1.5073234130199715 2.9812409867238947 1 CAMERA 1 24
28 1 0.22053485778733714 -0.093848786060853576 0.93794398896136166 0.25063490464592553 0.7513569823852656 -1.5187414372296106 4.2021517666391448 1 CAMERA 1 28
30 1 0.55519909793595368 -0.20896873887271025 -0.78804722607257494 -0.16452233071644806 -0.051825920635386852 -1.645664206419059 3.9662139069339193 1 CAMERA 1 30
31 1 0.54008635411640671 0.027880209692496685 0.66969712006668736 0.50895499936549882 0.53657471089800157 -1.4762883399160449 3.4260982200258323 1 CAMERA 1 31
32 1 0.99551204162746054 -0.082880625867882432 0.045500108879156766 0.0040394210548481864 -0.66606415208190151 -1.5311858372183975 3.5950346215702274 1 CAMERA 1 32
33 1 -0.076578623845214452 -0.022997921055379796 0.82712097643835103 0.55630719960537323 0.65407102690229402 -1.0438036455139372 2.8376466572881833 1 CAMERA 1 33
34 1 0.025647005856781684 -0.023810965072419657 0.87795413706259229 0.47746392769253393 0.71720674949725394 -1.2990907544091104 2.788177883183748 1 CAMERA 1 34
36 1 0.85515604501290787 -0.26125904126679678 -0.42509751285785102 -0.14051319011503904 -0.64286671021500374 -1.5372231684602216 3.5493277269963266 1 CAMERA 1 36
40 1 0.090496191482678096 -0.052231672812014393 0.95667218156402323 0.27177311990688452 0.74878362248602581 -1.5258132135155265 4.3486505107108657 1 CAMERA 1 40
41 1 -0.091990843011528836 0.05049486081500959 0.98223792052329428 -0.15555263199115563 0.64372959405768404 -1.2677039907800023 4.5597918009765879 1 CAMERA 1 41
42 1 -0.10438026440575952 -0.024805634415686232 0.8273996183858523 0.55127063444261681 0.63793805529744074 -1.0334992454902117 2.4760287680404307 1 CAMERA 1 42
43 1 0.95019856650793477 0.028007907281649626 0.2637949884232651 0.16355563401710799 -0.40328444561566534 -1.5964973982941848 3.9683651663372048 1 CAMERA 1 43
45 1 0.95872273980329159 -0.021342618043068338 -0.22927570172749259 -0.16681682599936851 -0.74035038534151121 -1.2432210392288725 3.192860341861421 1 CAMERA 1 45
46 1 0.85695479706909772 0.32644026177958063 0.24699439133094303 0.31314374003099199 -0.28228108703486576 -1.0474740877066324 3.1186707485206258 1 CAMERA 1 46
48 1 -0.46149808375239865 0.066924696332970324 0.81439606088334315 0.34539782820871578 0.17567062266025385 -1.348468946499731 3.080920534494433 1 CAMERA 1 48
49 1 0.60246018408490132 -0.030092816385301993 -0.693832777509237 -0.39336017318509126 -0.06911689708072892 -1.087485858834619 3.1718347942645559 1 CAMERA 1 49
50 1 0.84702460743351216 -0.090746538189774018 -0.46067894860979219 -0.2491772190960744 -0.56196636319843507 -1.2704070172766826 2.8863254941514036 1 CAMERA 1 50
51 1 0.93987193537683311 0.048965791948581402 -0.26160710104357893 -0.21402060880538817 -0.71552188062712208 -1.0501773966721659 3.0992753729005407 1 CAMERA 1 51
53 1 0.89800891006105321 -0.3242076043008158 -0.28429866865333664 -0.087428220652289002 -0.73600909524082547 -1.5345371822514635 3.8986107665625851 1 CAMERA 1 53
54 1 0.80809234591528578 -0.075128586802422889 -0.51150269932917025 -0.28232506884294428 -0.48382029531737369 -1.2170081736776439 3.1091894204522941 1 CAMERA 1 54
55 1 0.98939077166078415 -0.027019821612547203 0.1306902687462338 0.057409788778059807 -0.59232606879206773 -1.547780505631122 3.6060718388417463 1 CAMERA 1 55
56 1 -0.02241007684476989 -0.021429179498764321 0.86960619736317113 0.49277138738910836 0.69395157684032305 -1.2395194089937775 3.0131553448443764 1 CAMERA 1 56
57 1 -0.43678463079585045 0.16448150820290519 0.86820290725773019 0.16848955928797363 0.17043402742215907 -1.6520163531458829 3.9847753075169807 1 CAMERA 1 57
58 1 0.53301558563503015 -0.03706462985160084 0.72863501045152002 0.4284992651433876 0.54771755648372622 -1.582156712055387 4.3093524541817194 1 CAMERA 1 58
59 1 0.12751509372146999 0.02901653441417246 0.54061187348850404 0.83104557266557033 0.7599272043412012 -0.15641294870466815 2.355820980119089 1 CAMERA 1 59
60 1 0.071506011229275843 -0.012767084150212861 0.72377676035251926 0.68620047587712452 0.74512276604377647 -0.7565901188866262 2.5380848557755904 1 CAMERA 1 60
61 1 0.68210878484634718 -0.065053864724795157 0.6402753209586558 0.34719319361286177 0.32732213836735446 -1.6693589964342306 3.5328533226420591 1 CAMERA 1 61
62 1 0.60466229191372578 -0.06307039042364837 -0.70981115284968699 -0.35577207012305945 -0.081718813560255593 -1.2180106131752977 3.2031254948580683 1 CAMERA 1 62
63 1 0.61593902196889116 0.15117312391533003 -0.52975233811457667 -0.56314142813668533 -0.1358109468683297 -0.17847441916086709 2.7703560709134067 1 CAMERA 1 63
65 1 -0.27696399451369336 0.14110388551122272 0.94955297744236522 0.041590651197038628 0.41435418587478134 -1.6444150214256006 4.6469139190875879 1 CAMERA 1 65
66 1 0.96615045059092419 0.18830697247773845 -0.11129726440975297 -0.13677247484098515 -0.7514729911395378 -0.88839788184658885 2.6583384376154138 1 CAMERA 1 66
67 1 0.54161238134948186 0.069783623479278356 0.62667076211234607 0.55594067145386761 0.53001437646502636 -1.3667242230665209 3.5719116208271262 1 CAMERA 1 67
68 1 -0.36511272794718541 -0.09593618615990758 0.65405073844207184 0.6555200802564608 0.31968443676821628 -0.28421216195922078 1.9818140262763293 1 CAMERA 1 68
69 1 0.98282318220334897 -0.067035643726773952 0.15837577329646274 0.066947213732665323 -0.56355113026112424 -1.5871786065004614 3.3868653483356197 1 CAMERA 1 69
71 1 0.15716168398779437 -0.029662013295301184 0.85861026376407867 0.4870408453224116 0.74908542137561185 -1.3509291284759666 3.4197423246878969 1 CAMERA 1 71
72 1 0.55483076436138712 -0.12532743207495811 -0.77536384221664378 -0.27434789933713621 -0.0079616785991949903 -1.4679534970981098 3.4458762226200923 1 CAMERA 1 72
73 1 -0.029765714217253526 -0.0069119815209462117 0.99868708779247839 -0.041113591976005344 0.69675234034867495 -1.3851380927023687 5.1165748897603445 1 CAMERA 1 73
76 1 0.61278622918342174 0.06122023889739614 -0.61616229458818716 -0.4910082956532697 -0.10080752921180139 -0.64056088367950148 2.2696004092990658 1 CAMERA 1 76
80 1 0.031362589851965335 -0.037599316983102316 0.98156844372459395 0.18473242705128989 0.72820300564308105 -1.533541420099976 3.9191308471086921 1 CAMERA 1 80
81 1 0.1991391060933588 -0.0041275087956542016 0.77508855294931056 0.5996368194018975 0.75141664389258456 -1.1364302492416101 3.3766503903952962 1 CAMERA 1 81
84 1 0.97669647816841187 -0.19593350494373207 0.086600526039829498 0.013206061619962997 -0.63843374245319184 -1.5730181910042906 3.8642574275876056 1 CAMERA 1 84
85 1 0.62406770622057695 0.2626307073458759 0.40688329572478793 0.61319702647006324 0.33323186638821534 -0.88954644205831424 2.8041943245775016 1 CAMERA 1 85
86 1 0.94058265436715172 0.25416804610144417 0.16142608636418906 0.15698564675077473 -0.50258898959020937 -1.162945441275834 3.2071036896031604 1 CAMERA 1 86
87 1 -0.043763366989014757 -0.014361198031651232 0.92640106209168682 0.37371057766174487 0.68381448470668416 -1.4366832009473967 3.1782484826960626 1 CAMERA 1 87
89 1 0.44514050907156211 -0.1748899555382338 0.85364938504735455 0.20626720060062526 0.61432379694756956 -1.4824935907246781 4.2209475551226898 1 CAMERA 1 89
90 1 -0.077068463492021719 -0.008050505268419066 0.92361204086797799 0.37541502269300664 0.65912035977723793 -1.4246498212649252 3.6586172419935807 1 CAMERA 1 90
92 1 0.73721657004268792 0.1065619515013092 0.50228886686480845 0.43916076050848851 0.1927350336533393 -1.514900719141536 3.8321307299919338 1 CAMERA 1 92
94 1 0.99763204234105018 0.064238827655362152 0.00072621844629803829 -0.024559188151443801 -0.70481988113976179 -1.324607947011311 3.026950153957948 1 CAMERA 1 94
95 1 0.9193827559990132 -0.0051253932137171913 -0.32032140519328889 -0.2282614196290311 -0.6847814989079547 -1.1301668605321369 2.7127126012382674 1 CAMERA 1 95
97 1 0.65892783111309217 0.17419611958393383 -0.48691505934199542 -0.54624495447782162 -0.23287964611910789 -0.12013110030596609 1.9719755430926746 1 CAMERA 1 97
98 1 0.93817100933221231 -0.12115387953794121 -0.28259365831587124 -0.15905256678575447 -0.72771578034141637 -1.3860149727211353 3.3571242526782088 1 CAMERA 1 98
100 1 -0.053497636288574936 -0.0073754214513642854 0.95091722101007303 0.30469664398616231 0.6720261771866356 -1.5069988524778946 3.9183565412900365 1 CAMERA 1 100
