# Frame list with one line of data per frame:
#   FRAME_ID, RIG_ID, RIG_FROM_WORLD[QW, QX, QY, QZ, TX, TY, TZ], NUM_DATA_IDS, DATA_IDS[] as (SENSOR_TYPE, SENSOR_ID, DATA_ID)
# Number of frames: 151
1 1 0.78962488837962264 0.56584182117552329 -0.2150242705983362 -0.10039986112485065 -0.78758745006580344 -2.4752622529948463 2.7174302141834121 1 CAMERA 1 1
2 1 0.63707281285891626 0.7699041909526716 0.031538383257582001 0.019776204161528598 2.3298965134181646 0.55514860693459189 5.2832362921397822 1 CAMERA 1 2
3 1 0.75469087548777547 0.63658592850484996 -0.13591919616434711 -0.082012256395923092 -0.43851850481836796 -2.4585435349341833 2.4540190059451352 1 CAMERA 1 3
4 1 0.76359315840462927 0.61609417589964011 -0.16506468577315753 -0.1005340955636185 -0.4576541961351363 -2.6729874170205825 2.535214143525558 1 CAMERA 1 4
5 1 0.73853008708130241 0.66552588906115739 -0.09935274582775161 -0.042161989534724248 -0.60188151012711066 -2.4622859955801233 2.2391333776511551 1 CAMERA 1 5
6 1 0.7337775437301185 0.67716743380419586 -0.052393775561556777 -0.016421790244649889 -0.48807094895027914 -2.4043617292062383 2.1216057876612924 1 CAMERA 1 6
7 1 0.022982813256040797 0.081020872244396941 0.91299145664114978 0.39919169412184269 0.38160093145487706 -0.8475364672186243 0.82296272751026533 1 CAMERA 1 7
8 1 0.73031711414763845 0.68287746512070169 0.017433403913588354 0.0033699913020339509 -0.187713504234822 -2.3448828045543659 2.0567471913015294 1 CAMERA 1 8
9 1 0.02140561850914395 0.079639594048506387 0.9130214096278747 0.39948872339173586 0.3915270473290679 -0.88926430321009764 0.87817236951424948 1 CAMERA 1 9
10 1 0.66344699978529353 0.70059938510974828 0.24687585202852311 0.089726772732145965 1.3955197854577737 0.3988353673156661 4.9649615794636288 1 CAMERA 1 10
11 1 0.64343620453380446 0.73606471627033943 0.20521146807245133 0.045681916865937679 1.8868520508756912 0.58393621066134882 5.2805246314309251 1 CAMERA 1 11
12 1 0.62700079552503063 0.76587615466597625 0.13714256124822041 0.038673453677095695 1.8338924499790255 0.089472740725015973 5.4518293780333584 1 CAMERA 1 12
13 1 0.6846848454643969 0.67318665817390466 0.262859358830001 0.094505783545380362 1.2240914992028398 -0.017107670618383836 4.8924406221692367 1 CAMERA 1 13
14 1 -0.043185714342210801 0.0046704958914913644 0.95964936194524442 0.27782419380422207 0.25089389443508314 -1.8166988676211455 1.7838274819343458 1 CAMERA 1 14
15 1 -0.054478422905486448 -0.0049966598704275214 0.96475164422793536 0.25741289747673018 0.27234791788133916 -1.9112693098642413 1.8453340670479577 1 CAMERA 1 15
16 1 0.64711312529938314 0.72379871227317383 0.22829704643954071 0.072391199492359046 1.5986192535992487 0.66353126279668906 5.0516779214045622 1 CAMERA 1 16
17 1 0.73732431974432344 0.60064324128757673 0.30394407880627911 0.056555646647590468 1.0586903138883237 -0.43371945486937402 3.9812483145039796 1 CAMERA 1 17
18 1 0.71779319306518663 0.62915037012995068 0.2897931233504662 0.070446358411285187 1.0158428688278451 0.067026322337949501 4.2880608063650163 1 CAMERA 1 18
19 1 0.76802334347931323 0.56587112412437446 0.29585510923186215 0.048987438129344377 1.2923439974958444 -0.79100206574607457 3.3235067332707695 1 CAMERA 1 19
20 1 0.74388212703534984 0.59032243606048329 0.30916756093529035 0.050736789672820956 1.2534587658520933 -0.87170340601779184 3.6605134184211385 1 CAMERA 1 20
21 1 0.80515345543722561 0.5199809659413176 0.28276333537149462 0.03731761548944014 0.89697951717069802 -1.2639684828759239 2.7144607031710852 1 CAMERA 1 21
22 1 0.79463880136185427 0.53176475570682391 0.28983452921799452 0.042087594742881013 1.0851655678382073 -0.90914175865009095 2.8942513423224914 1 CAMERA 1 22
23 1 0.82660011148829549 0.49163366025936694 0.27169517031188073 0.034789857957647316 0.82603163508004196 -1.749903920826595 2.5706490621305234 1 CAMERA 1 23
24 1 -0.061272230807208901 -0.016432895531655566 0.97254384587340337 0.22390654642087565 0.26807213707421251 -1.9409101020379673 1.9287991453051396 1 CAMERA 1 24
25 1 0.84546058398059987 0.4596253555103057 0.27073372892899455 0.025380731419919537 0.69971942984785651 -2.1997628505568869 2.3812987459838961 1 CAMERA 1 25
26 1 0.86991603885401902 0.41327554012514833 0.2686507477622625 0.016618935151723521 0.90221506133760965 -2.376887389601277 2.3679435976212497 1 CAMERA 1 26
27 1 0.92567831365195985 0.26988009642546057 0.26263409495664974 0.036162485453148749 1.9772789184002422 -3.0716849109196831 2.722869288565283 1 CAMERA 1 27
28 1 0.90064290265000713 0.34356913717869109 0.2653982530524035 0.019140981197210055 1.4262218488699061 -2.9377481148883793 2.5449553918216981 1 CAMERA 1 28
29 1 0.94624312320007187 0.22635186065333932 0.22613169749190237 0.047468330124153947 1.9899892282804579 -2.8946095554822495 2.9730865117146155 1 CAMERA 1 29
30 1 -0.068801575545341054 -0.015804418953049005 0.97598882296220268 0.20606402159738979 0.15040781398435896 -2.0368384250373022 1.9692883570179673 1 CAMERA 1 30
31 1 0.96292401940171735 0.19795627847706107 0.17812084585380894 0.043169537211755982 1.8823699002763807 -3.0520676778678935 3.2645109682248323 1 CAMERA 1 31
32 1 0.98589363872429792 0.14453653948132122 0.083298053237892883 0.013577783490144444 1.8921652564341553 -3.5843967082608761 3.5181624598073933 1 CAMERA 1 32
33 1 0.97303850972306982 0.17522632779732208 0.14554102514185099 0.036188432450604477 1.8763522781261568 -3.3190025436599129 3.4281760322517352 1 CAMERA 1 33
34 1 0.98116430367845808 0.15504459552823632 0.11184001474374142 0.027741551628769727 1.8648439052973367 -3.4321984464677184 3.4711898553579932 1 CAMERA 1 34
35 1 0.99036368374644601 0.12260012893887351 0.063024932757667643 0.013298125854136051 1.9150739579309424 -3.665758496732026 3.5921609158639565 1 CAMERA 1 35
36 1 0.9897895240196446 0.13089592478186787 0.054580413546765405 0.014280527774881657 2.0405691203610243 -3.6565326117414303 3.478194649043775 1 CAMERA 1 36
37 1 0.99179685401889306 0.11456946073852141 0.053971590593992556 0.017317806820310037 2.0801443083455951 -3.6458263204991201 3.5864919550510721 1 CAMERA 1 37
38 1 0.9165072003011373 0.37582998963320446 0.12573782304179729 -0.054372516450742411 1.4139338754819224 -3.2131419395505052 3.0480060875579182 1 CAMERA 1 38
39 1 0.88366277686803929 0.45003023278342796 0.12455472500036829 -0.033151272054662242 1.8975607479436389 -2.4580313674228975 3.262389026371328 1 CAMERA 1 39
40 1 0.98343366794539888 0.17029124586579508 0.062009145418828376 -0.0037387454260682262 1.821549041175957 -3.855203360813741 3.3590925178126452 1 CAMERA 1 40
41 1 0.81355577947039237 0.56691635724264433 0.12828216365662515 -0.016629012857882 1.8347761797098632 -0.86360012191850943 3.1603438239553259 1 CAMERA 1 41
42 1 0.85147552538544025 0.50908632164082646 0.12383026089915919 -0.022059312624096203 1.9436902277431016 -1.6558091280122775 3.2442641247484332 1 CAMERA 1 42
43 1 0.96299846447219284 0.24651758526859452 0.087174289117062528 -0.065296867417011864 1.1910691896630252 -3.7542377018521864 3.1629312779468433 1 CAMERA 1 43
44 1 0.75692754887381652 0.64402062672284566 0.11001708862394942 -0.013941245356835814 1.4615098853452089 -0.49196670814147342 4.1883224824813263 1 CAMERA 1 44
45 1 0.77992371675566152 0.61336186062927267 0.12370773884789736 -0.014234441210387859 1.52665628690689 -0.46184116738615766 3.7585653423145327 1 CAMERA 1 45
46 1 -0.076671642018541361 -0.010940837908692116 0.97561132511740611 0.20538816830259524 0.060146672216977198 -2.2161564017608906 1.9239732687423499 1 CAMERA 1 46
47 1 0.94665834342352795 0.29534489808448355 0.10556533717709432 -0.073927880997457882 1.196993453172924 -3.8830055895699136 3.0494534476573958 1 CAMERA 1 47
48 1 0.93226741570544669 0.33438494856537154 0.12105688591607448 -0.066403329428004212 1.252034843164924 -3.4284654830816828 3.0343049468066821 1 CAMERA 1 48
49 1 0.9061632291891244 0.40148681000042846 0.12536955006751443 -0.044260810849864773 1.6715728279085 -2.8312634299391468 3.176271851910025 1 CAMERA 1 49
50 1 0.97686795037916174 0.19955503982429648 0.069191463021909094 -0.033456464960109532 1.5605252411443711 -3.8538081055528401 3.2672253470989308 1 CAMERA 1 50
51 1 0.68606976925443908 0.72328439727880833 0.077872339083131931 -0.010190739615633675 1.9899582502589999 -0.7044259493977596 4.9195490122622623 1 CAMERA 1 51
52 1 0.61118547938846923 0.78804552522465698 0.073221897524165538 -0.0086668149306649324 2.240257171496848 -0.1540660008662591 5.3774530375411835 1 CAMERA 1 52
53 1 0.71892053308788029 0.68921214117381246 0.089914073679621745 -0.0074398197278090893 1.7116474446276497 -0.85271030753014621 4.4640889533013324 1 CAMERA 1 53
54 1 0.64323708473788876 0.76208236482706826 0.073007913015259662 -0.012098209563478849 2.1886382555278496 -0.51973991572248057 5.1953295839569664 1 CAMERA 1 54
55 1 0.59514061324386869 0.80015166029016194 0.074542739823205445 -0.0028897996918848998 2.2506986419891373 0.2965044248410994 5.3373871708669141 1 CAMERA 1 55
56 1 0.59160566156103789 0.80252846025594571 0.07704212608305612 0.0039143960900900488 2.2994966133109229 0.82548463174135267 5.2389453522138592 1 CAMERA 1 56
57 1 0.59072573614841273 0.8033314924371513 0.075370201868018086 0.0045771804628040704 2.1912551985377573 1.1558549277992349 5.0428992975671489 1 CAMERA 1 57
58 1 -0.088686429911344372 -0.010632081269922291 0.97406248519376704 0.20790370592077584 0.051338078851681831 -2.3673412661248774 1.870311509047091 1 CAMERA 1 58
59 1 -0.13443324135580673 -0.035497351125030011 0.98127816132504675 0.13326969568590311 0.23896778717672978 -2.5003367676588404 1.9624549035392191 1 CAMERA 1 59
60 1 0.59011116000954256 0.80390867611810979 0.074023984604492735 0.0044843056869596021 2.1533710335895542 1.2263608463636444 5.0030190217855841 1 CAMERA 1 60
61 1 0.017653127208864448 0.075624809031288848 0.91461733733253625 0.39679261788681308 0.40604474401505508 -0.96327817505801505 0.92034891028573851 1 CAMERA 1 61
62 1 -0.1121495272861435 -0.018594281704887125 0.97677582921270822 0.18161970070232053 0.14971073063153018 -2.3782277566207126 1.9411105629320167 1 CAMERA 1 62
63 1 -0.12117545684297695 -0.033476482680406032 0.97970738646491684 0.1561066003483727 0.16523149268451504 -2.4167063926399126 1.965963874324117 1 CAMERA 1 63
64 1 -0.12842478843110242 -0.030441626745794797 0.98126390194224611 0.1403621595109398 0.28023395787882788 -2.5085765737667707 1.869850015861521 1 CAMERA 1 64
65 1 -0.059221648385065967 -0.034189724389063314 0.98607370350710111 0.1515998362813932 0.5569346928116079 -2.4450529560184897 1.7362434812399923 1 CAMERA 1 65
66 1 -0.11083039213961041 -0.027632719016848759 0.98194136258205922 0.15081186116617359 0.4076223991052712 -2.5261270266132514 1.7580111372120648 1 CAMERA 1 66
67 1 0.010686753878316498 0.070755396590500702 0.9215662656828657 0.38156924024376376 0.37097833704740302 -1.019205783808472 0.98159260342058308 1 CAMERA 1 67
68 1 -0.13015617532293189 -0.034210807772940589 0.98088611887047072 0.14053971845728863 0.20259719551992061 -2.4630077766911156 1.9771436261944189 1 CAMERA 1 68
69 1 -0.026546440318192574 -0.02808785202290786 0.98790756534267099 0.15014992978316155 0.5506788035689556 -2.4465805572099 1.7198354022067064 1 CAMERA 1 69
70 1 0.011242898392810815 -0.011251341888646208 0.9854407900045693 0.1692733113535751 0.47153685509107324 -2.5270637342097055 1.6948575744762269 1 CAMERA 1 70
71 1 -0.087976927271463903 -0.032508522171694448 0.98362739195654347 0.15388440482015167 0.50316277006765353 -2.5145031134811067 1.7114984457034206 1 CAMERA 1 71
72 1 0.067751206416985815 0.016709097693742146 0.98103156443934614 0.18085256331330471 0.41121294403601372 -2.5512572521238619 1.7515017501037875 1 CAMERA 1 72
73 1 0.045022458134298837 0.0091742298847175829 0.98281142837213531 0.17880298663806199 0.3996486113530841 -2.585273815255174 1.730825208307911 1 CAMERA 1 73
74 1 0.20101829071130134 0.032181847748344171 0.95923367175191976 0.19602739209697057 0.83905452266102465 -2.5794028654401027 1.9980489056479751 1 CAMERA 1 74
75 1 0.083248049873773849 0.018110209429205732 0.97997866113274434 0.17995445599128082 0.48353137499210841 -2.490295815131518 1.7814698185072264 1 CAMERA 1 75
76 1 0.14935075930594219 0.032555135511804868 0.96822165792814663 0.19794275678947618 0.70381611468347849 -2.6092474278100997 1.8719548645389641 1 CAMERA 1 76
77 1 0.22733465686253823 0.044002567459641026 0.95175054995678865 0.2013792901544301 0.74334639368860489 -2.5757158816464765 1.9953140741665971 1 CAMERA 1 77
78 1 0.12243634769196535 0.029859980936343157 0.97276880239562857 0.19452141113026108 0.62465744449537997 -2.5713828774650143 1.8206696113147449 1 CAMERA 1 78
79 1 0.10029646532149822 0.021198264295905621 0.97750548224965073 0.18432114584803391 0.56792552917070338 -2.5059994346345316 1.813228019383565 1 CAMERA 1 79
80 1 0.17591125156412232 0.032633383527921542 0.96385222689252403 0.197431452831068 0.80323401473190814 -2.6051574070137424 1.9460426294177235 1 CAMERA 1 80
81 1 0.0083428521249286711 0.06420559266042708 0.93784005447646057 0.34097517638258434 0.36507305870203494 -1.1078797187704956 1.0775597914342321 1 CAMERA 1 81
82 1 0.27566826048776227 0.079681208908897988 0.93565986082749586 0.20542283208723158 0.47999847749504809 -2.621052367574241 2.132930606004714 1 CAMERA 1 82
83 1 0.24783576219032269 0.061891280774672222 0.94433609747973468 0.20730711357876166 0.63453522307885468 -2.647274914952952 2.0447038832366831 1 CAMERA 1 83
84 1 0.26066462918251482 0.069856341688350171 0.94006581649815246 0.20844736330960087 0.56225357786451946 -2.6376035882570315 2.0939233383512641 1 CAMERA 1 84
85 1 0.2916989842680931 0.095938092253843532 0.92990810825340575 0.20243145811910762 0.52632732147465133 -2.6934756398321928 2.2441108461858672 1 CAMERA 1 85
86 1 0.28951524392970035 0.092480731025314136 0.93096983871499261 0.2022953220525133 0.39931291010924846 -2.6476174733987432 2.1635996431330091 1 CAMERA 1 86
87 1 0.29174242203259992 0.097412545239894843 0.93057096202881351 0.1985820733228619 0.64992271947319524 -2.6589197080138152 2.277766057540358 1 CAMERA 1 87
88 1 0.29267777984720561 0.10705527954516623 0.93124648252844844 0.18883557155263186 0.84432833277516828 -2.6516414564807937 2.2692204089630925 1 CAMERA 1 88
89 1 0.29100512561699221 0.10184864877823423 0.93204246906164145 0.19036729097238744 0.75571544182870809 -2.6337130081459059 2.2858086982084735 1 CAMERA 1 89
90 1 0.29798134203704768 0.12221588946562489 0.92764938218106463 0.18904237593464485 0.84549075018515041 -2.6559974866803913 2.2594353873360071 1 CAMERA 1 90
91 1 0.3085371276237065 0.14130530516696183 0.92223279688985171 0.18526823783397445 0.80218347886095731 -2.681424028240512 2.2648319874160414 1 CAMERA 1 91
92 1 0.32254913891272408 0.1488948804840709 0.91657824311991076 0.18351210257504064 0.7887698245273822 -2.6682981399238832 2.2815996524052635 1 CAMERA 1 92
93 1 0.33501765906517117 0.15133493788263916 0.91186142686002913 0.18267359660154081 0.7545101405251371 -2.6563893406431838 2.3144191010907531 1 CAMERA 1 93
94 1 0.34976554215717448 0.16509613816893359 0.90442606681657212 0.18005782500049197 0.68905066370946899 -2.5530118094469376 2.2549053338253153 1 CAMERA 1 94
95 1 -0.00023265946146692776 0.060052375959945871 0.9420666166657975 0.33000628444773272 0.31726656198964837 -1.2109497442150658 1.1917410004324163 1 CAMERA 1 95
96 1 0.33816818017464428 0.21773542822901415 0.89218303676424149 0.20553100525573598 0.42810828493296321 -2.5131582937117702 2.3288341217651563 1 CAMERA 1 96
97 1 0.34799361693766184 0.18639630644006752 0.8994389389497176 0.18752721033799463 0.55775031581938495 -2.5107671642461535 2.3048483999440244 1 CAMERA 1 97
98 1 0.33960242081357639 0.15290692936684605 0.91050377735180821 0.17964559041971975 0.78550520290495007 -2.6396824700350616 2.2721353526122181 1 CAMERA 1 98
99 1 0.32210745445703026 0.25130596713611697 0.88373661747383603 0.22825794531822102 0.30396299193283122 -2.6305992565339875 2.2485344517758734 1 CAMERA 1 99
100 1 0.3022081746080072 0.2816348787135482 0.88352220190412301 0.22077258216225898 0.13233104973762375 -2.4951723992636525 2.1455500541953842 1 CAMERA 1 100
101 1 0.34474795783532725 0.15482406264772586 0.90858811043567356 0.17789322856296952 0.77491550961823941 -2.5872447579404323 2.2656995841430385 1 CAMERA 1 101
102 1 0.31072739986900955 0.2676286266374619 0.8838939345832123 0.22484419846151019 0.23517044544968926 -2.5626412253860149 2.2662669877260777 1 CAMERA 1 102
103 1 0.30325876675921093 0.27492270057887908 0.88586417831244879 0.21839479543457205 0.18616960784638034 -2.5139922267090946 2.2233088859279495 1 CAMERA 1 103
104 1 0.29702930714313891 0.289929817913821 0.88030398164363421 0.22973722224508938 0.10086406514944171 -2.4070356146630405 2.0773439292616582 1 CAMERA 1 104
105 1 0.29951078506519169 0.28835391868981369 0.88054615423679272 0.22756049187997326 0.10995308434896824 -2.4749495750065158 2.1025881460850195 1 CAMERA 1 105
106 1 0.29162273410854828 0.29260605622334146 0.88011760693934904 0.23394630744645545 0.054170057964738463 -2.3283974136372274 1.9559109403033286 1 CAMERA 1 106
107 1 0.27713397434787063 0.29916958929015625 0.87557924514448304 0.25895038632589518 0.014514478510408138 -2.3088712675405656 1.849982041553724 1 CAMERA 1 107
108 1 0.25833883817356423 0.29363284153794733 0.87773988319170881 0.27679143143545659 -0.033495552121251847 -2.1375560184615954 1.7680872996337187 1 CAMERA 1 108
109 1 0.12830099784520632 0.21893404982297274 0.91329031468286448 0.31860247470242742 0.0015521357955037146 -1.6650339127389377 1.5334225127041352 1 CAMERA 1 109
110 1 0.22751353372390598 0.28269261200899165 0.88309711512087052 0.29742556102862266 -0.04272644528287934 -1.9938614388340865 1.6747730882210146 1 CAMERA 1 110
111 1 0.17569516395001641 0.25580643182679141 0.90017438978775821 0.30558198044200718 0.031593582422522699 -1.8163125616035842 1.5871002259506626 1 CAMERA 1 111
112 1 -0.0058048601266569664 0.055592834268688301 0.94470765037631077 0.32311483360773524 0.27039540916447874 -1.363240097709812 1.2978048759638154 1 CAMERA 1 112
113 1 -0.024205868142696266 0.07309617973065495 0.93361485123770105 0.34990617886034481 -0.0065959578700276857 -1.4869633992735369 1.1413947886583951 1 CAMERA 1 113
114 1 0.095705805335916744 0.17949021480425653 0.92327330946489061 0.32586815991175638 -0.047891655767579297 -1.6468491548191828 1.4768957345737379 1 CAMERA 1 114
115 1 0.074728748739944922 0.15043838484567829 0.93049396593464906 0.32552248130658223 -0.024195724603991518 -1.6102141035009245 1.4262312730454199 1 CAMERA 1 115
116 1 -0.096615794185100828 0.022295383568421142 0.92433356228056607 0.3684776381644323 -0.050983788038364133 -1.262974241556245 1.0521387211413571 1 CAMERA 1 116
117 1 0.04692006806129552 0.127758694899618 0.93466571318707603 0.32844516693531117 -0.064536061971650821 -1.5449477453647755 1.2931361593993982 1 CAMERA 1 117
118 1 -0.14660348732349263 -0.01473802047668233 0.91205168616218824 0.38269038402568845 -0.16037971772702272 -1.2032030353764114 1.1793493806199842 1 CAMERA 1 118
119 1 -0.22303574389684777 -0.11171284341553153 0.88269100973486414 0.3982861771310206 -0.54818094149194396 -1.1621132523255595 1.2789454848298685 1 CAMERA 1 119
120 1 -0.18446472254341709 -0.05680558199658 0.90071976853138314 0.3891655053672945 -0.33228030652358559 -1.130632678693309 1.2484859300694893 1 CAMERA 1 120
121 1 -0.26336527768585188 -0.15610320540585707 0.86183237391899004 0.40437047250835345 -0.68602246560017621 -1.2739824289545365 1.3480450073887187 1 CAMERA 1 121
122 1 -0.012452665399635073 0.043246592151945651 0.94736340924559803 0.31698144143505586 0.24399330023478205 -1.4899733706263021 1.442581613641049 1 CAMERA 1 122
123 1 -0.29812442698716551 -0.18973573096734761 0.84624093875534245 0.398746099670376 -0.77052980906574564 -1.2319482400847488 1.3741178692090039 1 CAMERA 1 123
124 1 -0.36160793047575751 -0.24629955541476103 0.80592241683285815 0.39882990317404216 -0.91495584312534173 -1.1957556458429153 1.4482178343890868 1 CAMERA 1 124
125 1 -0.41909099111739984 -0.29610891764668934 0.77759518321025889 0.36335654817623075 -0.97970154308500224 -1.2045507785425433 1.5444513590779358 1 CAMERA 1 125
126 1 0.71042491570145994 0.5794854927159806 -0.35089887484340104 -0.19069080343825184 -1.1714096261360931 -2.1814662302181551 1.9999066299631565 1 CAMERA 1 126
127 1 0.62019885057284119 0.52418676704759415 -0.51736959846701047 -0.27001910595808309 -1.2929985106698438 -1.7089290102321619 1.7223287771076676 1 CAMERA 1 127
128 1 -0.44652753397680151 -0.35140812761836793 0.7495450136275853 0.33956996597221634 -1.072065741767726 -1.2863678298402939 1.5271363506010918 1 CAMERA 1 128
129 1 -0.021295720467603203 0.027436338087530373 0.95049730716277647 0.30878570031402502 0.24033529487592883 -1.5941871303956472 1.6034049626997307 1 CAMERA 1 129
130 1 0.57034253594278739 0.48303771132907442 -0.60418850841141569 -0.27629731709140604 -1.302199253580288 -1.6090461634625919 1.5902360525770283 1 CAMERA 1 130
131 1 0.63890766846621727 0.55229429050203038 -0.47769158233302572 -0.24203049399216461 -1.3143957037825877 -1.8049961513536561 1.7488740121210065 1 CAMERA 1 131
132 1 0.50137519117676543 0.40726723894862377 -0.69296061657631913 -0.32025286513284212 -1.0512052482346845 -1.4882477588094225 1.6669929021505834 1 CAMERA 1 132
133 1 0.66612127258215748 0.57070996612377778 -0.42513715999766855 -0.22322853753416089 -1.3183215485331814 -1.9162109267575724 1.8186355156837237 1 CAMERA 1 133
134 1 0.73710992073347337 0.5703147327546424 -0.32757948535506548 -0.15524738688236847 -1.1437381725328619 -2.354043973655628 1.9151979640719705 1 CAMERA 1 134
135 1 0.54395004157915439 0.44702502323098553 -0.64420411879544848 -0.29881103426472172 -1.1150242687550087 -1.6098576812979761 1.6456434847156183 1 CAMERA 1 135
136 1 0.75204456860642566 0.56144478416260357 -0.31633747791599992 -0.13834493569309669 -1.1002353912045018 -2.4893821827650902 1.8033738062513236 1 CAMERA 1 136
137 1 0.77432322369204876 0.53956231439167379 -0.30498656224513082 -0.12759016807478168 -1.170087626405298 -2.5613291071648532 1.8238901411927884 1 CAMERA 1 137
138 1 0.82721184271214332 0.47712868529457175 -0.28320906578424304 -0.088664592727143179 -1.1414192166412149 -2.8477930163563276 2.3112083648496866 1 CAMERA 1 138
139 1 0.80150087900956779 0.50873185181966218 -0.29405608348191847 -0.11099217836542574 -1.2020053047421408 -2.7273387303376087 2.0475669291456251 1 CAMERA 1 139
140 1 0.85323527904014496 0.43434000842812071 -0.27964252048949279 -0.071682469364760165 -1.0982981609557432 -2.7968864414916341 2.5450698547427621 1 CAMERA 1 140
141 1 0.8606854128894541 0.41551552833987843 -0.2826171454888462 -0.081823070239866375 -1.2633046411886968 -3.0605251557963737 2.5359318382026728 1 CAMERA 1 141
142 1 -0.031489630141257642 0.016317907299388867 0.95469593062954428 0.29546202655218434 0.23308031761621523 -1.709452095594681 1.7054654696150742 1 CAMERA 1 142
143 1 0.83485664398659842 0.4747184642887548 -0.26085670519602322 -0.09803337701535976 -0.91431329873845912 -2.4415362435848604 2.5901648447439602 1 CAMERA 1 143
144 1 0.87844725498399212 0.37984578839147276 -0.27690021347913402 -0.085871235157994288 -1.2499580385524813 -2.6582322585636837 2.798071631529961 1 CAMERA 1 144
145 1 0.85796454862939986 0.4253739717224006 -0.27845909931432616 -0.073582249797861488 -1.1586201690598616 -2.9647830976750411 2.5496393879414896 1 CAMERA 1 145
146 1 0.81077248252329326 0.52278586461202114 -0.24499293725040719 -0.096547304686852589 -0.94099082472092366 -2.4107435699145738 2.6363661891508956 1 CAMERA 1 146
147 1 0.86961698218767314 0.39349801465711398 -0.28640211036479668 -0.083062915493646736 -1.3173442689636581 -3.0456875619189456 2.6103263647062329 1 CAMERA 1 147
148 1 0.88245674474600011 0.36465394932642325 -0.28794891121839977 -0.073369035846692826 -1.3222495763365691 -2.9504748945932429 2.7317825595588037 1 CAMERA 1 148
149 1 0.88860662577665994 0.35185408386220063 -0.28650605918763189 -0.067016761665152955 -1.308576560715407 -3.0135884071519854 2.783566368941127 1 CAMERA 1 149
150 1 0.86225874624354626 0.41794791554976446 -0.26943400903818276 -0.096097394281672258 -1.0814964708202672 -2.441127900291689 2.7423142888323295 1 CAMERA 1 150
151 1 0.88877614425706375 0.35274214064635528 -0.28386066948061339 -0.071225472506626239 -1.2987594496687302 -2.9275673612348214 2.7976288801946336 1 CAMERA 1 151
