# Frame list with one line of data per frame:
#   FRAME_ID, RIG_ID, RIG_FROM_WORLD[QW, QX, QY, QZ, TX, TY, TZ], NUM_DATA_IDS, DATA_IDS[] as (SENSOR_TYPE, SENSOR_ID, DATA_ID)
# Number of frames: 100
1 1 0.72861512279589324 -0.37017862615482933 -0.40453065790602621 -0.41041775593334934 0.55369419028370415 -2.3776568987798279 3.5108860601134095 1 CAMERA 1 1
2 1 0.81238408541763296 -0.40382816535463634 -0.28971436026812802 -0.30499262299421903 0.49948962579288714 -2.2987597791385155 3.2803314591557076 1 CAMERA 1 2
3 1 0.78417025645382499 -0.45255752339397254 0.31895303648606543 0.28024570902865797 -0.31670691619489522 -2.3468505393738508 3.3169583873221398 1 CAMERA 1 3
4 1 0.73502023431463337 -0.116438709836029 -0.3017289151471797 -0.59594206410010075 0.54717310914102235 -1.5702909290302314 2.3461668273172096 1 CAMERA 1 4
5 1 0.87225593813976665 -0.092489205427665339 -0.19017338305110051 -0.44096418180865221 0.52638088367361713 -1.1303549862043913 2.0580826806418098 1 CAMERA 1 5
6 1 0.2819479223550726 -0.17550046997753296 0.71422699948768631 0.61610449383212562 -0.46018589027817924 -2.5193450920310108 4.185240979998218 1 CAMERA 1 6
7 1 0.98640786652618928 -0.098113270517960455 0.060255838678000238 0.11722858400890183 -0.0015271396701830823 -0.73822782696522116 1.8476824347582441 1 CAMERA 1 7
8 1 -0.47739212940469139 0.19953292875627401 0.56350795971599421 0.64400477052667526 0.40923778893394486 -2.4287040764058223 3.5820155367623006 1 CAMERA 1 8
9 1 0.92766716126035254 -0.29577227843370091 0.13939543621529327 0.18033665626168366 -0.11027961184821375 -1.6778911793926317 2.3657750191010778 1 CAMERA 1 9
10 1 -0.018364304581315789 0.0014779244835968354 0.72432809328185532 0.68920924350964519 -0.12970831691081711 -2.5562751849394787 4.1659401698335579 1 CAMERA 1 10
11 1 -0.21074614357538374 -0.015656767907093874 0.26701899853372296 0.9402349615967569 0.091780529217408299 -1.13491389264194 1.9988875755747768 1 CAMERA 1 11
12 1 0.11852200851847783 -0.068404986387492359 0.70513553071542934 0.69574217541898586 -0.29170159140660668 -2.5294258246103172 4.0060617834702663 1 CAMERA 1 12
13 1 0.8296750529786715 -0.40566958754101018 0.27075241341290163 0.27159643377672454 -0.27504760381034049 -2.1822453913187845 2.9825383156812659 1 CAMERA 1 13
14 1 0.30472125786540544 -0.12850487963162469 0.60746967337622992 0.72222714352478001 -0.45628839198592991 -2.358854187262978 3.407727323598551 1 CAMERA 1 14
15 1 0.74229793119861376 -0.069045627733356152 0.26430888096364202 0.61185561864945903 -0.51586008448663723 -0.98619949658926087 1.9922990997209493 1 CAMERA 1 15
16 1 -0.37705803035996394 0.11059386397582821 0.53303974637702733 0.74930959407595665 0.29495596428234927 -2.2865789605695217 3.1873436265172947 1 CAMERA 1 16
17 1 0.94981176758725172 -0.30234948311176119 -0.039518703885568156 -0.069861779665536569 0.22552893724928852 -1.7093983510978601 2.3979795634448222 1 CAMERA 1 17
18 1 0.77676366297443089 -0.26847204783407713 0.34531017941626363 0.45312454293034016 -0.44734515480828785 -1.878606174357299 2.614695386719609 1 CAMERA 1 18
19 1 0.8367657298235982 -0.4478395478606555 0.24705330303281486 0.19551858792790225 0.42647588510371137 -2.1981385645642382 2.9418366877862323 1 CAMERA 1 19
20 1 0.64108282387117699 -0.37587811180995639 -0.50286269060061595 -0.44142674635940293 0.56236751030366805 -2.4769503048598591 3.9414371482214987 1 CAMERA 1 20
21 1 0.82252656771793131 -0.22131331288006109 -0.28164544574400807 -0.44175367098856172 0.54213548307102077 -1.807695995417393 2.562716188657479 1 CAMERA 1 21
22 1 0.26505659319381331 -0.10296146737178868 0.591673003658998 0.75436529306581768 -0.42044667271331138 -2.3161576998912241 3.2855633979705523 1 CAMERA 1 22
23 1 0.69543561752869743 -0.29261222144000082 0.42918728344331097 0.49653364988385057 -0.50643937869690403 -2.1273397465638824 2.9624429255673959 1 CAMERA 1 23
24 1 0.80579595650862224 -0.095048142294008528 0.2470644648878087 0.52973377965777624 -0.46265908327737332 -1.0167167701872002 1.9930046517675946 1 CAMERA 1 24
25 1 -0.30356383156591132 0.014060039962331688 0.35990302472006691 0.88211174362357714 0.198663532247842 -1.5892500889385996 2.2956251764643407 1 CAMERA 1 25
26 1 0.99618951558873581 -0.010088242817939951 0.035618897906726704 0.078968161304644374 0.047292210401992781 -0.29523218034427917 1.7534541185297343 1 CAMERA 1 26
27 1 0.8542045609623119 -0.49345851983733768 0.12734082729401813 0.10304159808156631 -0.03971177484469738 -2.3331501063759479 3.2371254007988375 1 CAMERA 1 27
28 1 0.24771254152416469 -0.050580744403140809 0.45667096615401381 0.8529546961821729 -0.39381535124485378 -1.8555791551432559 2.5741916593039735 1 CAMERA 1 28
29 1 0.90591449607292029 -0.33268123369075309 -0.15528276750970166 -0.21101986794961664 0.39175061549924789 -1.9348229354408526 2.6623582520128979 1 CAMERA 1 29
30 1 0.91173165359577124 -0.40863104538349088 -0.020951502016813225 -0.036429317088789943 0.18399311608825747 -2.0849206546909822 2.8147583834310432 1 CAMERA 1 30
31 1 0.26189433279988411 -0.064793061988368678 0.48975827928906546 0.82906576665140919 -0.40629507211698485 -1.9831984539955512 2.7271622373484461 1 CAMERA 1 31
32 1 -0.39350021439598359 -0.020738233455240902 0.25265438680948687 0.88368165521832198 0.29283857485811848 -1.0782261153661143 1.9901577332534905 1 CAMERA 1 32
33 1 0.86187029623259015 -0.39604195401637082 -0.20901260804233535 -0.23800019497929673 0.43482026769594617 -2.188519482870305 3.0371941470514821 1 CAMERA 1 33
34 1 0.83510068611173416 -0.04617911245476175 -0.1937116400427393 -0.5127866360783534 0.54793816617185143 -0.98154618987779363 1.9928855602986286 1 CAMERA 1 34
35 1 -0.44932271062735962 0.21940678486307774 0.60813125286477798 0.61655992714386221 0.39448637372597817 -2.5016158792842456 3.8893695046336298 1 CAMERA 1 35
36 1 0.90692431993500422 -0.41648392596778255 -0.035978012178015384 -0.052297227083387757 0.20626117214858863 -2.1155411111097444 2.8622957551271364 1 CAMERA 1 36
37 1 0.72982722710885273 -0.42127556950143186 -0.3971042002412814 -0.36357580676191853 0.54608714426624638 -2.438091477115687 3.7188534508755247 1 CAMERA 1 37
38 1 0.66640500726942353 -0.39950066463260142 -0.47383618748293871 -0.41446695004063056 0.55774596514944086 -2.4764760177884129 3.9290614802302941 1 CAMERA 1 38
39 1 0.1555534823553095 -0.033902346068386782 0.46071127368916315 0.87315454952368232 -0.30964553609506329 -1.8910671455052299 2.5969718767190133 1 CAMERA 1 39
40 1 0.9046355497528531 -0.11248735464490771 0.17962971452556639 0.36974894567504535 -0.30705501491640325 -0.92374113306441197 1.9296490718195953 1 CAMERA 1 40
41 1 0.95072062455832451 -0.27988069014262823 -0.06819347391224348 -0.11465924925838121 0.27810676278464336 -1.6433977237873583 2.3479669257840023 1 CAMERA 1 41
42 1 0.564438353769246 -0.14017797927028516 0.42512844742405448 0.69355986195336872 -0.55044992889259869 -1.7803955265345086 2.5379506821422368 1 CAMERA 1 42
43 1 0.67687479252111649 0.02313175652876576 -0.2047429192471214 -0.70667232442452155 0.52517813217798637 -0.83605259338796556 1.9320576203672053 1 CAMERA 1 43
44 1 0.57690395502433489 0.00082056626109839302 0.24628331244660251 0.77879758818233413 -0.55377219545954814 -0.75289946824298393 1.9098554404937143 1 CAMERA 1 44
45 1 0.027733338465271359 -0.0091180891767562652 0.34748591630364867 0.93723063349313818 -0.17476463987684063 -1.4523431092427197 2.1938155086110021 1 CAMERA 1 45
46 1 0.964100676946126 -0.2448408102479751 0.061692515047579402 0.082200340244069831 0.030977049664502813 -1.4321316553731833 2.1736985666680231 1 CAMERA 1 46
47 1 0.66520889353346835 -0.19369776986064219 -0.40624099901092559 -0.59577391067215879 0.53086075771806651 -2.0630705302519936 2.8712647852238007 1 CAMERA 1 47
48 1 0.83066292058798352 -0.44491164698478153 -0.23606958289673075 -0.23732654880668982 0.44682466443754321 -2.3314966243059732 3.3310106917590723 1 CAMERA 1 48
49 1 0.81552202738267221 -0.36208552012088552 0.30532203749784048 0.33256029887918259 -0.34361667484895025 -2.0958661639941898 2.8664347117227571 1 CAMERA 1 49
50 1 0.82349939211852552 -0.50126408421908919 0.20639368334350097 0.16728633096675743 -0.15154777949084619 -2.380523509796328 3.3605058619782877 1 CAMERA 1 50
51 1 0.93326610564567247 -0.35890706425335239 0.013829527743543762 0.0029731203122456014 0.12907468045724449 -1.9022314891956895 2.5842801341392749 1 CAMERA 1 51
52 1 0.36567597033432253 -0.21502714211514862 0.67348694673336995 0.60535918713901282 -0.51477030815843638 -2.4911861259333503 3.9852448963261486 1 CAMERA 1 52
53 1 0.98828453480143785 0.062651048645065877 -0.025973452165816723 -0.13672565289136263 0.28228154865752081 -0.0036715929623298837 1.7495522211554404 1 CAMERA 1 53
54 1 0.75283169526368743 -0.051532780107997785 -0.2434454632544808 -0.60936287842430525 0.55155907154297579 -1.1849080846676052 2.0925859383627956 1 CAMERA 1 54
55 1 0.98536873130923863 -0.17011524757564192 0.0044578884449295369 -0.0094547940703272135 0.15052974849824594 -1.1054170409679802 1.9886383575435567 1 CAMERA 1 55
56 1 -0.28808249208220482 0.087698369909862933 0.56979479625846019 0.76462498247679511 0.20126079709650491 -2.3568467300940261 3.3241887876143199 1 CAMERA 1 56
57 1 0.1856846087488036 -0.055895591913781448 0.53176017044409873 0.82439555433522016 -0.34251379438602425 -2.1417914107684428 2.9326423080057675 1 CAMERA 1 57
58 1 0.84385788482820279 -0.48221141701715842 -0.16817969235724564 -0.16459529334157125 0.36843480975810283 -2.3617198476329202 3.3730714608623384 1 CAMERA 1 58
59 1 0.79782627430700281 -0.16828072193298238 -0.28541785091263483 -0.50367795765899281 0.55282316401690357 -1.6620550986791276 2.4260104449799664 1 CAMERA 1 59
60 1 0.99944488887102867 0.0033318836411568779 0.018264066853036772 0.027662908794391854 0.10599931938430814 -0.23722370197673326 1.7484887611402595 1 CAMERA 1 60
61 1 0.25773646796352478 -0.134798897156442 0.6726050739671986 0.68044366767622544 -0.42782313115378479 -2.4838481859665049 3.8295243313620122 1 CAMERA 1 61
62 1 0.74676077340217439 -0.44532798638089971 -0.36819782214094832 -0.3293352328925378 0.53252104852929993 -2.4442129262634693 3.732455717897849 1 CAMERA 1 62
63 1 0.4276553709839126 -0.255898301990437 0.65005672255448443 0.57363158923541291 -0.54296854822742002 -2.4815795065872086 3.9455303883986108 1 CAMERA 1 63
64 1 0.96080128782857188 -0.15490660197414735 -0.097705058006972142 -0.20813109237121441 0.3663968343521895 -1.1578861468414492 2.0405946096735774 1 CAMERA 1 64
65 1 0.76137127876734823 -0.29040808763314147 -0.36079772561861967 -0.45365396470643349 0.55246050496243115 -2.1596810594490874 3.0326515684478412 1 CAMERA 1 65
66 1 0.10162622334280937 -0.045325336435757139 0.61814664151215326 0.7781468076097906 -0.26400550869483341 -2.3947174890966143 3.4266094656581458 1 CAMERA 1 66
67 1 0.81800751790902571 -0.50405181258506682 0.21594900617068 0.17367065845421129 -0.1639442169899992 -2.3913300698191389 3.3898234108323129 1 CAMERA 1 67
68 1 0.74107683234618305 0.083052448925840475 0.13516570833952621 0.65240911288565095 -0.51832320505290919 0.011751187064688194 1.7863913854808138 1 CAMERA 1 68
69 1 0.4121937255967596 -0.21748229416601109 0.63033704444452643 0.62086471529946941 -0.53168693529554911 -2.4386767193638557 3.7148753831738919 1 CAMERA 1 69
70 1 0.67781639679598915 -0.18335538102298671 0.38835999684172579 0.59675979199131068 -0.53637639876422571 -1.7460588722608983 2.5004208510888768 1 CAMERA 1 70
71 1 0.00012588502306888586 -0.0082962151669937877 0.69403939040385421 0.71988921476482082 -0.15179058982377963 -2.5339601276874819 3.941829138815502 1 CAMERA 1 71
72 1 0.17387144626552503 -0.069639019799202187 0.60277356928261638 0.77561791577376282 -0.33712626149937758 -2.3494344491046957 3.3337485829323485 1 CAMERA 1 72
73 1 -0.49529775969074713 0.21380703911245866 0.56063876795197054 0.62821242517208087 0.42663588592889695 -2.4348484228426521 3.6124005651524507 1 CAMERA 1 73
74 1 0.74511760409900951 -0.44391014098855736 -0.37091343492808693 -0.33191379389702774 0.53384454044024421 -2.4448088360027693 3.7366578376244237 1 CAMERA 1 74
75 1 0.55265601620916294 -0.2589434088793614 0.5374897544008943 0.58191442898403867 -0.55293916307380242 -2.3026848935128363 3.3158364538705762 1 CAMERA 1 75
76 1 -0.31249485781695657 0.012251620963055725 0.34939357431920059 0.88324458212105172 0.20476512181187773 -1.5439669796662505 2.2619809602225236 1 CAMERA 1 76
77 1 0.85784626862630398 -0.47294404431208897 -0.14041109369730453 -0.1439042567833872 0.3381746357791372 -2.3249217695770459 3.2731575316194319 1 CAMERA 1 77
78 1 0.79881336986925522 -0.072126022578479901 -0.23186425252548956 -0.55039440893411073 0.55449303588537546 -1.2014022801249391 2.1016132249720925 1 CAMERA 1 78
79 1 0.86881421047249519 -0.43177431180616488 0.17513725712688211 0.16751045493174446 -0.12546406014631481 -2.1834049927414303 2.9633958852886231 1 CAMERA 1 79
80 1 0.034864751019433031 -0.015049543947300943 0.50826636881883724 0.8603622833963871 -0.18813668122766361 -2.0935293787838591 2.8307321491121851 1 CAMERA 1 80
81 1 0.82687892676433916 -0.41456220377848974 -0.26200161520622417 -0.27525365265642937 0.47745389084337619 -2.2909770201084516 3.2518555478916138 1 CAMERA 1 81
82 1 0.89775526810023631 0.00050405857078295545 -0.12958050462346946 -0.42100370229340889 0.5090322963086289 -0.58520762641450208 1.8545105059840112 1 CAMERA 1 82
83 1 0.91963710590285308 -0.36709621511119339 0.095770409333277504 0.10166607592406479 -0.01221943690503368 -1.9338240808198 2.6164016049537855 1 CAMERA 1 83
84 1 0.45976284349648266 -0.10277786330363776 0.44174449740272093 0.76348977568084375 -0.52977187581425111 -1.7954656720087498 2.5423105582328778 1 CAMERA 1 84
85 1 0.85031014056894794 -0.51791652854860648 0.076695611575270592 0.05341270885165695 0.036751645414519189 -2.380909562663112 3.3469247777240976 1 CAMERA 1 85
86 1 0.29026740911816301 -0.033744616625554232 0.38025166889098688 0.87750487198547378 -0.42365716122250746 -1.517658030024323 2.2756846096820476 1 CAMERA 1 86
87 1 0.91321855074297131 -0.13518741761992831 0.17668289544384724 0.34137866827577373 -0.2802096777502962 -1.020473556233223 1.9656913074698079 1 CAMERA 1 87
88 1 0.82184029037137973 0.12747371419729422 -0.084761561261098198 -0.54876631369246232 0.55126770275933001 0.030471562011949185 1.7940261133724991 1 CAMERA 1 88
89 1 0.53337881474306525 -0.31654542911743205 0.58606610797109449 0.52137563078432936 -0.55229158910890552 -2.4467312835373054 3.7704452926356273 1 CAMERA 1 89
90 1 0.92252678008695588 -0.38307826495544522 0.036648927769487305 0.02919313334443702 0.091021283891771554 -1.9858460902942965 2.6794331925399435 1 CAMERA 1 90
91 1 0.91612881230648668 -0.34442151926604181 0.13423900641850842 0.15511835959727396 -0.084567447230724402 -1.8649839132434607 2.5424947110609004 1 CAMERA 1 91
92 1 0.50564344703674025 -0.0016315377429792699 0.26105912272549858 0.82229567492185529 -0.53809491715772784 -0.85201985909909506 1.9402605987621735 1 CAMERA 1 92
93 1 0.76755452817040182 -0.15994964099559844 0.30961925167809595 0.53797033154328033 -0.48679003467330323 -1.4347963945207862 2.231984960189346 1 CAMERA 1 93
94 1 0.90897686040774528 -0.11216014485542294 0.1756667488505628 0.36100188711080461 -0.29882527312212837 -0.91506126055529236 1.9243529496646996 1 CAMERA 1 94
95 1 0.93995211570691717 -0.3304550376264746 -0.044588401996614298 -0.072810457303630033 0.22989853332414398 -1.8212883992251296 2.5061796236145635 1 CAMERA 1 95
96 1 0.057136475754568622 -0.044085334787332134 0.77035881806919171 0.63351337619506876 -0.22725186142727558 -2.54488419052579 4.5007623785562751 1 CAMERA 1 96
97 1 0.92666682056588856 -0.36034839449599432 -0.060630670199508678 -0.088099716671649939 0.25107698951742952 -1.9407389028488551 2.6390896673159689 1 CAMERA 1 97
98 1 0.92406767308794635 -0.36246161829210677 0.083571379699764109 0.087956439866408845 0.0079350024143570157 -1.9139883295221363 2.5931360596448956 1 CAMERA 1 98
99 1 0.55590315533257884 -0.26761454326600065 0.54016843774234147 0.57233923244070128 -0.55268123224325727 -2.3199950821719137 3.3562104618884332 1 CAMERA 1 99
100 1 0.062569255589577613 -0.017070891742698952 0.45138632953544539 0.88996856934309398 -0.21596193094091876 -1.8784981424900993 2.5680222754585871 1 CAMERA 1 100
