# Frame list with one line of data per frame:
#   FRAME_ID, RIG_ID, RIG_FROM_WORLD[QW, QX, QY, QZ, TX, TY, TZ], NUM_DATA_IDS, DATA_IDS[] as (SENSOR_TYPE, SENSOR_ID, DATA_ID)
# Number of frames: 100
1 1 0.6829832861386177 -0.34434857977270739 -0.46248367237404109 -0.44840466015780334 0.93197927085695276 -2.5609992876206817 3.8809957847919607 1 CAMERA 1 1
2 1 0.77905485652485185 -0.38245477242362957 -0.35295943093678234 -0.34960194176837056 0.92774017494669603 -2.4393987482527897 3.5081691985283237 1 CAMERA 1 2
3 1 -0.1268182886009028 -0.0047943188662029866 0.28232779344744502 0.95088650912190575 -0.083064414895147487 -1.5488791168624059 2.1837046997892555 1 CAMERA 1 3
4 1 0.38291498109200434 -0.14628804274695295 0.59185752152716631 0.69403213183273849 -0.88654937429115321 -2.4806365411835953 3.5793805449737008 1 CAMERA 1 4
5 1 0.58980727797815047 -0.34409873661987656 -0.55602004177182363 -0.47388305250205903 0.87387109091128268 -2.6559081586685487 4.4273779477175363 1 CAMERA 1 5
6 1 0.34476991965870074 -0.11866353104291578 0.5798985645072362 0.72853985737323057 -0.84592891474123244 -2.457782048800798 3.4859558542839366 1 CAMERA 1 6
7 1 0.77698325683809977 -0.2057105835642567 -0.33267459479756967 -0.49326239303152375 0.94683618757019761 -2.0075715997062162 2.8080652427849659 1 CAMERA 1 7
8 1 0.82846583559481224 -0.083678235694920389 -0.23345027017715353 -0.50213870939949345 0.94626090724010359 -1.2959539727977027 2.218517238323745 1 CAMERA 1 8
9 1 0.67591784043719505 -0.10574214471308784 -0.34322397825638917 -0.64354562585729125 0.8727039572556835 -1.879008726765707 2.6296650240789203 1 CAMERA 1 9
10 1 0.81909550522130536 -0.45807562223650322 0.25695896875643115 0.23069756395446936 -0.33118200937162834 -2.3801437342072136 3.084722926871954 1 CAMERA 1 10
11 1 0.35578202631892336 -0.20526365289791573 0.69397727584913138 0.59133875498940858 -0.88821599472099844 -2.6470382586537253 4.3980937883171913 1 CAMERA 1 11
12 1 0.061118311702999688 -0.030461832007289535 0.72932846593875345 0.68074710248135406 -0.43991250064482373 -2.756643812136891 4.6351145415857422 1 CAMERA 1 12
13 1 0.79753265624181846 -0.059846770069881719 0.23781883188108899 0.5511825736929522 -0.76618634497867621 -0.73554560882818765 1.9299111281199175 1 CAMERA 1 13
14 1 0.90337447517646852 -0.39530603882458903 0.11589310856846978 0.11923288411671321 0.7370751976066815 -1.9910581370025533 2.4668726551066587 1 CAMERA 1 14
15 1 0.82521332125992963 -0.35061695527471648 0.29672019205932793 0.3287063320249845 0.040467472614784311 -1.8389416958677713 2.2087688587440799 1 CAMERA 1 15
16 1 0.86180716853592165 -0.40716756036053325 0.21076021150951901 0.21698644034734504 -0.25161187264589641 -2.1530523228593412 2.7498820582687244 1 CAMERA 1 16
17 1 0.94251958756244536 -0.29060921426494363 -0.098224944770450351 -0.13249517678116512 0.59048524403011649 -1.6722990885307223 2.3496044445897164 1 CAMERA 1 17
18 1 0.82433411535467493 -0.26994329119460375 0.30032187883535266 0.39675011643886737 -0.6067705230751097 -1.7558810484650627 2.4246834025049773 1 CAMERA 1 18
19 1 0.75002491870041088 -0.30012282681286162 0.38543156515304977 0.44590516787537837 -0.74978426634835271 -2.0770581880503856 2.8010693350354221 1 CAMERA 1 19
20 1 0.90649054670539331 -0.27968247574503102 0.18865255964617558 0.25389528005426476 0.38436349705209566 -1.3711829819961301 1.9268791798713529 1 CAMERA 1 20
21 1 0.85400051275985478 -0.086705579418321757 0.21544812240721314 0.46556135283638483 -0.63418039436108642 -0.74270393275042046 1.8957093791397261 1 CAMERA 1 21
22 1 0.99509533660438698 -0.087337059872881137 0.017863433718228461 0.042876646053033485 0.23555470705154424 -0.48141944004404746 1.7708591144594032 1 CAMERA 1 22
23 1 0.94661609627823018 -0.28878383672594027 0.083705332428040652 0.11625523315499112 0.052332775201711444 -1.5366560042953534 2.1803053833737627 1 CAMERA 1 23
24 1 0.19843177481661836 -0.097358131195775674 0.69942698775538992 0.67966764954101988 -0.67659414472335599 -2.7065126914320503 4.3571698506822374 1 CAMERA 1 24
25 1 0.86832954034879806 -0.48974130615512529 0.058697963313875973 0.052075056465835039 0.17149521429472261 -2.3814855021832977 3.0615805244183516 1 CAMERA 1 25
26 1 -0.22174581791119155 0.015733008252775144 0.38052854010020148 0.89765210123935224 0.10014810422759507 -2.0257412773850412 2.5862555657143096 1 CAMERA 1 26
27 1 0.83652024871927622 -0.37787469215757313 -0.27285620838880187 -0.28808693141679731 0.86494989409950906 -2.2933234128180504 3.1665395451253029 1 CAMERA 1 27
28 1 0.61846144867769492 -0.36854638815305324 -0.53188382951782742 -0.4458459242566617 0.90617120514291138 -2.6428290520619551 4.3757825183154102 1 CAMERA 1 28
29 1 0.99999875992288823 0.0009703810742768751 -0.00096433203509023306 0.00078011344214978155 0.31807801771876471 -0.014082094224957313 1.7345776226050775 1 CAMERA 1 29
30 1 0.63277779678571067 -0.14269064093660583 0.40098527010376434 0.64687128089283252 -0.92886566681593263 -1.7258148521211902 2.5167098430922215 1 CAMERA 1 30
31 1 0.68893437570670812 -0.39381545021342368 -0.45862777211486416 -0.39992422255692772 0.94378644169715442 -2.5965590128837674 4.0712287045802693 1 CAMERA 1 31
32 1 0.34323410634286472 -0.070066597403958944 0.48160261564670587 0.8033305302137459 -0.82847249622663222 -2.1250937668383973 2.8986682227610965 1 CAMERA 1 32
33 1 0.32981900328170988 -0.053053804992665619 0.45032608849082256 0.82801638442401349 -0.81151415801003046 -2.0051174938083411 2.742464759994065 1 CAMERA 1 33
34 1 0.90900408517283993 -0.39708225789686385 -0.086499653701838458 -0.09249358632942685 0.53105175660507942 -2.0967469733867818 2.7391998552564263 1 CAMERA 1 34
35 1 -0.31373438213045485 -0.012645267333707914 0.27335115272431754 0.90922493475903299 0.27828258682136275 -1.5271745620115156 2.1832426670363803 1 CAMERA 1 35
36 1 0.7853378033024474 -0.040532281251328385 -0.23243116378720569 -0.57234379788827505 0.94244397472922292 -1.1999419676043928 2.1650777863105195 1 CAMERA 1 36
37 1 0.64439939718733552 0.015397578080905222 0.2331949153118838 0.72810195918327569 -0.93272287312716529 -0.59256846126901896 1.9432016589411649 1 CAMERA 1 37
38 1 0.88394021654357902 -0.31688155991312361 -0.21603830635606497 -0.26751302912329189 0.81753571794860247 -1.998078846617845 2.7335628727002645 1 CAMERA 1 38
39 1 0.80515383345331493 -0.4244558607172535 -0.30262225382973529 -0.28281495410465596 0.87922744113416951 -2.4491754521162479 3.4891992413921371 1 CAMERA 1 39
40 1 0.61151352903691636 0.020683523632565884 -0.23420573058154406 -0.75549392546712302 0.7862509756588133 -1.203177500270483 2.1100124073596693 1 CAMERA 1 40
41 1 0.60374986785752804 -0.17569003629656976 -0.45010460245983563 -0.6340543786242635 0.80782297730043839 -2.3696875100472568 3.2612716356920992 1 CAMERA 1 41
42 1 0.90259526586686434 -0.40409759297047099 -0.10229765515587695 -0.10752725765965186 0.56525280397140765 -2.1379484880207404 2.8004584604280454 1 CAMERA 1 42
43 1 0.81123567382007611 -0.40178999522704989 0.30278907309237596 0.29796016256035701 0.091209277736323535 -2.0954803969085543 2.4420183620957534 1 CAMERA 1 43
44 1 0.93777196566402898 -0.10346708817677328 0.14143729992229701 0.29978957998825317 -0.30937001456092061 -0.62415032711137919 1.8081468038589679 1 CAMERA 1 44
45 1 0.93873186402444708 -0.2673894648082088 -0.12545783268037883 -0.17761107452495453 0.66623405806430036 -1.6194416120818382 2.3312272133386038 1 CAMERA 1 45
46 1 0.23944049920023189 -0.036876585801745576 0.45912264383760826 0.85470156351671378 -0.70240391581453743 -2.1021459334370345 2.810171157538953 1 CAMERA 1 46
47 1 0.8457877060526785 -0.50151949508093274 0.1385420124636593 0.11801467335222961 -0.022125280382550187 -2.4395632955143043 3.1500491365811185 1 CAMERA 1 47
48 1 0.97178837616581337 -0.23525371665753528 0.0080562409061729155 0.01476948645991538 0.28955106865206204 -1.2822398178839876 2.0460202119722561 1 CAMERA 1 48
49 1 0.11292717535503728 -0.0021193759732297764 0.35437334784283853 0.92825777220041383 -0.51170043376678709 -1.7494684273979955 2.3944075242383493 1 CAMERA 1 49
50 1 0.43744551897683753 -0.24057223979794273 0.64727685616431274 0.57602004031086462 -0.94085791163214694 -2.6000920513762225 4.108265078332237 1 CAMERA 1 50
51 1 0.97224676601867921 0.06997128358989288 -0.058516613941418182 -0.21544384728237986 0.67390650697235044 0.15702181683976668 1.8015731029945299 1 CAMERA 1 51
52 1 0.85300503576157827 -0.36469557544745995 0.25005611168137848 0.2772210079074538 -0.38469340095546112 -2.0350309930492867 2.6375906830710014 1 CAMERA 1 52
53 1 0.70961553649415965 -0.41896176312653399 -0.43207779321647999 -0.36636813727887008 0.9455820615559225 -2.591632449817312 4.0482232389715973 1 CAMERA 1 53
54 1 0.69405616820897797 -0.046285879321428101 -0.28058280361468174 -0.66137503964259048 0.88353996090596909 -1.4929899371349091 2.315326276212951 1 CAMERA 1 54
55 1 0.93427364226089638 -0.34854511508357694 -0.048589150577471173 -0.057342467457327614 0.44752027952070073 -1.8648754616111083 2.4782042239533628 1 CAMERA 1 55
56 1 0.82663068754240521 -0.46434257524430733 -0.23790531351146968 -0.21087612722085178 0.78753802090754965 -2.464168303814152 3.4522939429063038 1 CAMERA 1 56
57 1 0.49572907103047203 -0.28011472270410309 0.61942214178101418 0.54046705776678938 -0.9543288970799706 -2.5782759878078334 4.0103051893570489 1 CAMERA 1 57
58 1 0.2686820550500883 -0.065949058605226943 0.52699688497855401 0.80357635491970925 -0.74665860916435522 -2.3313858564265035 3.1644575022826023 1 CAMERA 1 58
59 1 0.74678146164871728 -0.15464092752473604 -0.33213735786179355 -0.55505712101069526 0.93429007117446516 -1.9022812346875186 2.6843290876739125 1 CAMERA 1 59
60 1 0.33491683878718459 -0.15974348690969584 0.65755434208144259 0.65569430125369554 -0.8530022125712845 -2.621589371162238 4.0565722598143328 1 CAMERA 1 60
61 1 0.9254039725800306 -0.30485358507050186 0.13928232563428081 0.17689605130885877 0.60651258459486301 -1.5247651489096927 2.0607968695985086 1 CAMERA 1 61
62 1 0.84078542114386223 -0.50537772217405796 0.14845895524344668 0.12503268424745267 -0.044384114008102417 -2.4556171434211085 3.1796267146569028 1 CAMERA 1 62
63 1 0.48304722846019355 -0.23852506412817945 0.60331812167693089 0.58802926195538407 -0.95149455808727412 -2.5273196616404285 3.7954557168702303 1 CAMERA 1 63
64 1 0.98288838752473051 -0.15974822218741033 -0.044444823149860993 -0.080222072225631325 0.47627324772705026 -0.95718415429102488 1.9288327918012078 1 CAMERA 1 64
65 1 0.99845557378020733 0.013502371035933677 -0.018038061092251482 -0.050781704536941849 0.41295057200841223 0.018043519087351193 1.7467202572370111 1 CAMERA 1 65
66 1 0.71292409579046734 -0.26929243524987212 -0.41459794992452004 -0.49732218719550753 0.92994854794799031 -2.3738862552170472 3.361486840585131 1 CAMERA 1 66
67 1 0.93920102464389665 -0.14349740703443153 -0.14607100350951896 -0.27563234827569072 0.78393013141509249 -1.1394888937579064 2.0797530487569809 1 CAMERA 1 67
68 1 0.70752019968513347 -0.41744244944702963 -0.43496269347119626 -0.36873354027733229 0.94658111272464451 -2.592479289813951 4.0558954619961627 1 CAMERA 1 68
69 1 0.79321754962582014 0.10353856831607487 0.12119058609688499 0.58770615589609132 -0.76792228332520285 0.35424134107837674 1.8437519585634581 1 CAMERA 1 69
70 1 0.18404197382954407 -0.064165570656372045 0.61635611686206215 0.76296557498879836 -0.63928523226878553 -2.6106847254097016 3.7489226264125026 1 CAMERA 1 70
71 1 0.73743853484672195 -0.18499020379835976 0.35515566537801901 0.54390025296156841 -0.83006444864681772 -1.6283049505964831 2.3965517912275085 1 CAMERA 1 71
72 1 0.081357253351749301 -0.036711474137602444 0.69834580156333703 0.71017350445687843 -0.47513495072629058 -2.7505240090761816 4.3815480069732597 1 CAMERA 1 72
73 1 0.25563248696541357 -0.086644683487499582 0.5965548951603693 0.75582206073349667 -0.73980919281793933 -2.5355544503526621 3.6005806850483815 1 CAMERA 1 73
74 1 0.53455390656831914 -0.10536706570236197 0.42359560762223081 0.72368270923172962 -0.94506477875868067 -1.8016156124935299 2.5903793096678087 1 CAMERA 1 74
75 1 0.61690336046046335 -0.2738678163391437 0.50312582085739699 0.53971387921081615 -0.91368081599086903 -2.3295875550087377 3.2722189196665776 1 CAMERA 1 75
76 1 0.81070399898296075 -0.35490501977435057 0.31560313321053868 0.34233918163087085 -0.026033195594884588 -1.887976397266375 2.2489718171598385 1 CAMERA 1 76
77 1 0.84312085539855397 -0.45628264033752158 -0.20995354823474585 -0.19202313116463582 0.74912268992975339 -2.4159668196389368 3.3216735349456687 1 CAMERA 1 77
78 1 0.85992674180104389 -0.5103693633083799 0.0053117306905261083 0.0045713508628506261 0.30081155896317913 -2.4492477832029675 3.2029088580451641 1 CAMERA 1 78
79 1 0.74510033360164185 -0.06486898893507799 -0.27159529545160893 -0.60568432589081933 0.92526200267266767 -1.4611232317159162 2.3112503082193063 1 CAMERA 1 79
80 1 0.79707432115302501 -0.39414586746732494 -0.32598892508751282 -0.32101835218124575 0.90816833250894458 -2.4193765571593739 3.4444688254005316 1 CAMERA 1 80
81 1 -0.23043518727136203 0.01378897495004091 0.37018351771571362 0.89981867720594655 0.11686111355050278 -1.982608908469367 2.5429244767748886 1 CAMERA 1 81
82 1 0.77140414194009699 0.12269378834249942 -0.11023067752265617 -0.61459830933116377 0.94272243320385973 -0.15926038912491475 1.88101065634418 1 CAMERA 1 82
83 1 0.88938419581303674 -0.42906466946718624 0.11089495810987135 0.11225671435964141 0.024009446900739421 -2.1703577899086075 2.7554679704171257 1 CAMERA 1 83
84 1 0.85677608898674928 0.0051061051494873085 -0.1663188520679062 -0.48810521455684763 0.93691968069402665 -0.70037882495733073 1.9687693051111619 1 CAMERA 1 84
85 1 0.37146543557562123 -0.028889461634787155 0.37449327905444446 0.84907809600891038 -0.84932885375310463 -1.6277236384876017 2.4044172549954368 1 CAMERA 1 85
86 1 0.93156668149333544 -0.35955126162346102 0.034242071318063762 0.041639989773302404 0.21972425833977102 -1.8690500390790368 2.4466360527921549 1 CAMERA 1 86
87 1 0.57725415977355854 0.013225074618012606 0.25030768517419366 0.77714142546141984 -0.94726607246107519 -0.75286045348535435 1.9908823784998595 1 CAMERA 1 87
88 1 0.94413297608840319 -0.12699941921739913 0.13639020136267496 0.27181203791066161 -0.25836198775800884 -0.73897031144063074 1.832274236842635 1 CAMERA 1 88
89 1 0.59552259699764343 -0.33617560138256053 0.54662946533183654 0.48325462142775916 -0.9081512210377507 -2.5194479032862573 3.7189479461232873 1 CAMERA 1 89
90 1 0.13470743161057791 -0.08128895622339774 0.76765445795341458 0.62125087255410871 -0.58502266066994746 -2.7002920206004393 4.9276038247512144 1 CAMERA 1 90
91 1 0.1201999587855293 -0.023952854380352183 0.51269352998577378 0.84977854467250313 -0.52770417524939417 -2.3706664203926664 3.1301085535150772 1 CAMERA 1 91
92 1 0.81927250874799007 -0.15624656225657488 0.27453350373280916 0.4785508578207382 -0.69513138563001942 -1.232912941160923 2.1027324428582008 1 CAMERA 1 92
93 1 0.9267497904037606 -0.37352625391252064 -0.027039673651488606 -0.029695448699858754 0.38811635215842605 -1.9552113578690653 2.5531076087270317 1 CAMERA 1 93
94 1 0.93335945262842357 -0.33830457939711878 0.074928562988900882 0.093679529228783795 0.09662140747551605 -1.7711638100778671 2.3537562739653386 1 CAMERA 1 94
95 1 0.93252516535546237 -0.31850812849365423 -0.1053239291927191 -0.13362731008908488 0.59798682772855749 -1.8027069770800725 2.4589365003660815 1 CAMERA 1 95
96 1 0.9412315600327642 -0.10342823031218945 0.13728142697063331 0.29075687675734257 -0.29174601717341958 -0.61665545328769933 1.8042198264067093 1 CAMERA 1 96
97 1 0.61940382352081758 -0.28299730769346149 0.50503320230718807 0.5302762410417714 -0.90942391488764296 -2.3503642618284295 3.3076390958861968 1 CAMERA 1 97
98 1 0.91796183326992431 -0.34744555911079184 -0.1232334426659812 -0.14642805305882942 0.6289998161669148 -1.9462712535384381 2.604159933920362 1 CAMERA 1 98
99 1 0.93432978976584002 -0.35466056998577811 0.022071594433259102 0.027505795255875997 0.25351230260942498 -1.8500358808024615 2.433630118024114 1 CAMERA 1 99
100 1 0.14761342560999979 -0.019773922497434825 0.45451991749548032 0.87819753653073318 -0.56891691806216327 -2.1472933454244765 2.8153732825831765 1 CAMERA 1 100
